Sref = 6.193535 
Cref = 0.642575 
Bref = 9.638622 
X_cg = 0.000000 
Y_cg = 0.000028 
Z_cg = -0.000000 
Mach = 0.233003 
AoA = 4.000000 
Beta = 0.000000 
Vinf = 50.000000 
Rho = 1.225000 
ReCref = 1320000.000000 
ClMax = -1.000000 
MaxTurningAngle = -1.000000 
Symmetry = NO 
FarDist = -1.000000 
NumWakeNodes = 64 
WakeIters = 5 
NumberOfControlGroups = 0 
Preconditioner = Matrix 
Karman-Tsien Correction = Y 
Stability Type = 0 
